`.Random.seed` <-
c(403L, 1L, 1372181962L, 1943157813L, 1493179023L, 575656854L, 
186834752L, -139202045L, -1333524447L, 623518480L, -1321877266L, 
604430489L, 555533611L, 406289434L, 1534906076L, -1384749345L, 
-1277161291L, 147117644L, 32488098L, 1465901565L, 74148599L, 
104791070L, 1309914840L, 1536092731L, -1551366183L, 860245352L, 
1214004374L, 1605745169L, -923061309L, 576868306L, 1961462372L, 
144722343L, -291510531L, 1710514932L, -1142069798L, -931383003L, 
-812572609L, 1349722054L, 1824490576L, 905619571L, -978293615L, 
1719995584L, 2082193054L, -2019945879L, -909110629L, -1686642774L, 
-1588401204L, 1953998479L, 1663989445L, 557301372L, 666407634L, 
-1114040755L, 322059015L, -1905492242L, 2012593096L, 1044958411L, 
2126918953L, -526330504L, -2050831706L, 1958554817L, -451097261L, 
740837890L, -256126156L, -1733574473L, -916166483L, -149973564L, 
-1395563030L, -1545274795L, -1296399377L, -2141969418L, 1911756064L, 
-869352733L, 710318977L, 1917451760L, 513942670L, -870519815L, 
555813259L, 101791162L, 911416508L, -723095553L, 2145193301L, 
2048372332L, -1501500734L, -1253741283L, -767794281L, 895678206L, 
825631928L, -331344229L, 608122105L, -923580856L, 1724850550L, 
646482097L, -1946104605L, -289506382L, -137223164L, 1115285319L, 
-586105315L, 1011373204L, -28167110L, 1004834437L, -1742934177L, 
-171921434L, 102990448L, 695690643L, -526093775L, -92049184L, 
107915646L, -1447900151L, -399270853L, 1451958794L, -1937200660L, 
-1327796625L, 423182757L, 912087388L, -1312307918L, 2074082349L, 
776835815L, -1540909042L, 1773013480L, -1993192469L, -1078528887L, 
-2119372776L, -1574752442L, -1800573535L, -1905712077L, -71865950L, 
1134283924L, 1501883159L, -477584115L, -1666051036L, 1967047690L, 
-1010378379L, -1603108657L, -478170154L, 1529949056L, -730783805L, 
389224801L, 1074425808L, 1833396014L, 1697512153L, -1459037973L, 
1247029594L, 1085862684L, -272128481L, -484114827L, -828482804L, 
630773474L, 1125399485L, -1965433801L, 1590365918L, 1609198104L, 
-1896368773L, -365990631L, 94450088L, 1117832534L, 1629959633L, 
-1176810109L, -804940782L, 1519574948L, -237471897L, -442456899L, 
1849201716L, -491464806L, 1024885733L, -1750564993L, 559849222L, 
1170987152L, 2042687795L, -826612015L, 1982985344L, 2093774174L, 
-632534359L, -1211574949L, -814135446L, -527135220L, 1967228495L, 
1238354693L, -1978872900L, -1666064750L, 931413389L, -439259705L, 
-2050896210L, 1680680712L, 1858024715L, 830391273L, 546370744L, 
-2012552346L, 829556737L, -673065325L, -360224446L, -586266892L, 
423285495L, 2132067053L, 492592516L, -1909206102L, -468981483L, 
135766959L, -2057274442L, -1444617760L, 875102499L, -1285638591L, 
-1698236112L, -1429943474L, -204484167L, -2087859253L, -1312374662L, 
-51273348L, 1403761087L, -1922265451L, -330255188L, -775692670L, 
-1250036131L, -1583113897L, 344917054L, 1378650232L, 393106267L, 
-1599680839L, 1575158536L, 2142681526L, -1903311119L, -1520021213L, 
2021229426L, 1780459972L, 1267585415L, 898739037L, -502504108L, 
-322566278L, 763553477L, 105834527L, 747751484L, -573442284L, 
2088545730L, -1438788896L, 550354812L, 410279632L, -187264862L, 
-62434264L, -1246063348L, -116887620L, 724021554L, -341446208L, 
886925876L, 1254491080L, -2126057286L, -119715440L, 818342380L, 
-2064123308L, 314554514L, -155789536L, 1373336012L, -1368312352L, 
-1572624702L, -2112381912L, 863763116L, -1399216964L, -2108345870L, 
-1630551760L, 860945572L, -2132595016L, -437326502L, -835183216L, 
-837862532L, 1389277460L, -429714622L, -562676992L, 1455548348L, 
-1966676144L, -857922782L, -1765124792L, 1658679820L, 347445340L, 
-746421038L, 1584554496L, -1932864172L, -774848024L, 1028844538L, 
-1556475696L, 1671441708L, 1830683380L, 83124626L, 543282272L, 
474483980L, -1195953440L, 164041058L, 1185200808L, -2039274932L, 
-897517188L, -1537835726L, -251277200L, -1356812476L, 820454872L, 
-928547718L, 135970352L, -1928293700L, 601106260L, -820493246L, 
1047936416L, 124201660L, 783012304L, 719717730L, -1893560344L, 
1764540364L, 1128462076L, 1496766962L, -1372024704L, 1842588916L, 
849743496L, 239140666L, -1876501680L, -592220564L, 1373751444L, 
-1492870830L, -766798112L, 945380044L, 56656032L, 1798966146L, 
454288104L, 1068319468L, -906843076L, -207897998L, 2091025520L, 
-2118681052L, -1783784392L, -1244264422L, -1859781936L, -2005869508L, 
-449960812L, -192504702L, 799416256L, 1346335036L, -1867875696L, 
-196283358L, 815698952L, 2013030540L, 1491788828L, -786121070L, 
-1989032832L, -129085420L, 2116820264L, 560963130L, -908145456L, 
-1570610068L, -458837324L, 1349853202L, 442341344L, 6559692L, 
1220480480L, -1743452638L, 1558397224L, -339338996L, 1262347836L, 
-1337626382L, 2083615472L, 555270980L, -635608488L, -1135654342L, 
214826736L, 1259336892L, 660428308L, -1466451774L, 1090816096L, 
506811772L, 863098064L, 1104288802L, -1648737624L, 1748510604L, 
-1577733700L, -774613966L, -608151744L, 711977140L, 547339080L, 
-942171462L, 1078187792L, 1124319468L, -1170090924L, -1928831214L, 
-296723552L, 743702476L, 2046016352L, -293187390L, -852744664L, 
977708460L, -598876356L, -2108553358L, 968694576L, 1794261540L, 
1779259448L, -1984797478L, -2013238896L, -106166532L, -486936684L, 
-1121490110L, -1803460096L, 553466428L, -1712685488L, -203621726L, 
-644818104L, 1053581836L, 836185308L, -281224622L, 2035124352L, 
-2054579372L, -335627800L, 108022522L, 1156609872L, -2087830484L, 
-1981368972L, -924973422L, 367540832L, 537182860L, -334496928L, 
2124407522L, -23576408L, -1474625332L, -1829352964L, -1411412046L, 
1914361328L, -1083947580L, -1274044584L, 132639610L, -1723918928L, 
-1976165956L, 1895344212L, 1739828162L, 526222112L, -1488650308L, 
-1690351024L, -702710302L, 394924392L, -1593471668L, 1787971836L, 
-2090573070L, 1763907328L, -34257292L, -49059832L, -93603398L, 
1352374224L, -301737492L, 954322836L, -279055662L, -718180768L, 
2083226956L, -891038432L, -1179561342L, -470177304L, 816121836L, 
106001980L, -273600910L, -1104665744L, 454355236L, -1951714760L, 
1646559642L, 1627556304L, -1428021828L, -276748140L, 981400706L, 
-1917844902L, -755120872L, -208751999L, -1149517773L, -819870124L, 
85627490L, 319739127L, -502395071L, 2038017478L, -386728188L, 
-577226059L, -1800178273L, -1010169352L, 713131990L, 659952227L, 
-1401435611L, -784404030L, -20253008L, -2099646759L, -1599178677L, 
-1429985604L, -974732054L, 733516063L, -1242095191L, -865401026L, 
-1507200468L, 24584317L, -513080633L, -226280528L, -998445618L, 
682942203L, -1274600099L, 1145597578L, 2013899944L, 81459217L, 
-196163325L, -365976572L, -1921889230L, 1444324487L, -1303023407L, 
-165207466L, 903842356L, 1036136773L, 743115663L, 505851656L, 
-19752666L, -127153709L, -937057483L, -1564331374L, 1252648544L, 
-1802674231L, 47288059L, -751972148L, -906147494L, -1402461105L, 
1598204185L, 546657070L, -1723482820L, 1626352301L, -1089985193L, 
1575965856L, 138666494L, 799198411L, 298306253L, 2120001018L, 
948487736L, 338562017L, 1084118163L, -2000073036L, 529871810L, 
-251050025L, -1034581983L, -1420066842L, 1845336804L, -1813991915L, 
-293374401L, -1288346152L, 1119521782L, -1470888957L, -716232891L, 
1987785570L, 2055363792L, 528812025L, -1830745301L, -247512932L, 
850910922L, -2053552193L, 1449157385L, -2107794402L, -280713780L, 
1654927261L, 983448103L, 1243224144L, -1527611154L, 380128667L, 
-1070386179L, 836439786L, -168339064L, 722581297L, 1803970467L, 
-1514688604L, -2045572526L, 1623155111L, 683906545L, -746987210L, 
2005694932L, 1088130917L, -912769169L, 2019426728L, 1139676934L, 
-1586277837L, -1790209899L, 1860546802L, -729110208L, -1513335127L, 
227471131L, -1826932500L, 475370746L, 1134648623L, 1777748281L, 
1772092238L, 1490239900L, 1433574157L, 759983479L, -2092734080L, 
-1981304866L, 747346091L, 389729197L, -99667942L, 376809176L, 
1397761857L, 1437177843L, -1074636268L, 2040628130L, -865960777L, 
-1754835327L, -1341608314L, -281143612L, 282253301L, -187695521L, 
